9606
10090
3702
559292
284812
83333
44689
224308
9823
9986
4577
36329
9615
284593
99287
39946
1111708
185431
4536
246196
10029
243232
224326
8022
4097
425011
273057
100226
7091
7165
1140
93061
5823
4113
176299
294381
10141
160488
300852
196627
184922
1403190
309800
243277
342108
312017
192222
190650
7159
79929
3055
431944
330779
169963
186497
272562
4565
9541
243230
71421
198628
623
7460
226186
224325
272624
272634
6183
272623
224324
9544
272942
632
273063
83334
27334
242507
9796
233413
170187
266834
273075
9103
334819
171101
1392
5664
1392255
7998
272561
227882
226185
210007
318586
122586
272557
203119
373153
197221
359391
83331
269796
9925
419947
403677
242231
199310
216596
1590841
214684
5811
190485
266264
211586
882
312309
50429
3483
3694
5843
190192
4182
6279
246200
188937
498211
272943
588858
3469
224911
341663
126793
284590
272631
301447
246197
405948
4558
37546
264951
332648
15368
644223
499177
226900
1003195
3988
602072
264199
6238
284813
399549
272630
63737
59729
78245
272947
246409
500485
35608
6945
6956
508771
324602
574521
29760
1365484
7668
216597
243231
243273
93934
931626
376686
194439
4096
51240
178306
6282
272563
45351
49451
6500
279010
6645
195102
344612
498257
64091
273068
273121
410359
379731
353153
9258
7224
572477
7240
1072389
257313
267608
759273
220668
523841
63186
7957
284591
1437824
22663
479437
639283
235909
405955
219594
1227453
242619
228410
7244
189518
332952
74940
1221996
9598
9601
357809
556484
56780
7739
523849
243365
515849
7962
204722
264203
227377
223283
6289
176279
272558
104623
559305
479433
553175
432359
90370
319795
8502
31033
393595
6526
399742
573826
426428
272843
8673
31234
485917
195103
322104
465515
84588
6850
207559
381666
13035
467705
70448
713604
578454
545693
578461
13249
7108
1094619
7220
439375
2126942
322710
46245
1121448
156889
300267
9483
425265
441771
9669
271848
30195
216594
243233
228908
7741
243265
243276
1547922
224914
3760
415426
3816
3818
212717
5888
395019
565050
3916
294747
350058
1901
112509
79782
8128
34839
266265
333849
411684
51239
452652
452662
610380
436308
311402
858221
522373
4232
51338
272560
262316
272559
272569
69820
559298
6339
479432
559307
401614
1028307
317655
272621
323850
264462
573729
930089
35128
47427
123214
76114
43346
403833
760192
121224
559515
6565
391595
655819
1661398
29158
29159
768486
1120755
6669
283166
174633
309803
2652724
262723
459349
348780
8845
55952
2711
660122
326298
768679
266940
88771
279238
2769
457429
1227494
580327
35570
555778
133901
326423
643867
471852
1114943
1229662
316274
66420
443254
353152
1237896
7048
314256
183190
314265
1026970
404380
1344416
717774
947166
320483
7160
502779
502780
7167
130081
7217
7222
1079
7225
7230
369723
7234
572478
7238
212042
7245
306263
7260
89187
529507
347257
431241
402612
9402
390333
7425
394503
50452
1408282
257309
177437
392499
591159
367928
9555
251221
331111
247156
30069
9595
568706
218497
413071
13735
259536
243159
243160
269798
269799
255470
259564
458233
9739
216591
523794
73239
1173020
5661
5671
349741
208435
5689
595528
3661
523850
243275
3659
290398
384616
110193
3708
5762
1255043
573063
46731
3726
706191
1214101
3755
632518
306902
339670
5849
7897
5874
716541
235279
444178
771870
456481
1214242
663331
376619
431943
290633
8010
579405
206672
8019
563041
749414
10089
10103
106370
266117
1122195
55188
1091494
1052585
75702
10181
1122247
2015173
1128398
157652
10224
